256
4
2.19 0.00 0.54 0.93 
0.37 1.99 0.62 0.51 
0.24 0.26 2.01 0.00 
0.42 0.18 0.36 1.95 
2.10 0.00 0.73 0.80 
0.38 1.97 0.80 0.55 
0.35 0.34 2.12 0.00 
0.38 0.21 0.17 1.95 
2.07 0.00 0.26 0.50 
0.18 2.07 0.67 0.25 
0.13 0.31 2.16 0.00 
0.24 0.10 0.27 2.12 
2.17 0.00 0.61 0.71 
0.34 2.01 0.22 0.37 
0.28 0.06 2.12 0.00 
0.33 0.13 0.13 2.13 
2.21 0.00 0.68 0.16 
0.27 2.04 0.54 0.25 
0.31 0.22 2.19 0.00 
0.07 0.11 0.21 2.10 
2.09 0.00 0.48 0.54 
0.43 2.02 0.65 0.76 
0.23 0.28 1.99 0.00 
0.26 0.32 0.17 1.98 
2.14 0.00 0.09 0.50 
0.15 2.18 0.46 0.63 
0.04 0.21 2.05 0.00 
0.24 0.27 0.24 1.97 
2.05 0.00 0.12 0.81 
0.35 2.21 0.51 0.65 
0.06 0.22 1.99 0.00 
0.40 0.23 0.17 2.04 
2.06 0.00 0.64 0.88 
0.24 2.05 0.35 0.38 
0.31 0.14 2.10 0.00 
0.43 0.13 0.05 2.08 
2.10 0.00 0.56 0.22 
0.06 2.06 0.68 0.47 
0.27 0.32 2.08 0.00 
0.11 0.23 0.16 2.01 
2.19 0.00 0.41 0.61 
0.11 2.03 0.50 0.48 
0.19 0.23 2.03 0.00 
0.28 0.22 0.04 2.01 
2.15 0.00 0.66 0.62 
0.31 2.05 0.46 0.13 
0.31 0.18 2.06 0.00 
0.29 0.02 0.33 2.14 
2.12 0.00 0.54 0.32 
0.23 2.11 0.59 0.86 
0.26 0.25 2.16 0.00 
0.15 0.39 0.28 2.07 
2.15 0.00 0.21 0.31 
0.26 2.04 0.50 0.56 
0.10 0.24 2.04 0.00 
0.14 0.25 0.17 2.02 
2.21 0.00 0.51 0.20 
0.30 2.08 0.65 0.28 
0.23 0.28 2.02 0.00 
0.09 0.12 0.10 2.11 
2.02 0.00 0.51 0.27 
0.29 2.16 0.47 0.40 
0.25 0.18 2.20 0.00 
0.13 0.17 0.22 2.13 
2.16 0.00 0.22 0.56 
0.10 2.21 0.58 0.75 
0.10 0.26 2.06 0.00 
0.26 0.33 0.13 2.11 
2.12 0.00 0.37 0.90 
0.41 2.04 0.71 0.40 
0.17 0.32 2.09 0.00 
0.42 0.11 0.21 2.15 
2.19 0.00 0.57 0.14 
0.35 1.97 0.60 0.42 
0.26 0.25 2.09 0.00 
0.06 0.20 0.09 2.00 
2.13 0.00 0.89 0.62 
0.20 2.03 0.64 0.67 
0.42 0.28 2.13 0.00 
0.29 0.30 0.03 1.99 
2.04 0.00 0.74 0.41 
0.11 2.09 0.57 0.69 
0.36 0.25 2.02 0.00 
0.20 0.32 0.07 1.99 
2.09 0.00 0.37 0.37 
0.28 2.20 0.23 0.86 
0.18 0.08 2.12 0.00 
0.18 0.37 0.27 2.11 
2.16 0.00 0.36 0.43 
0.17 2.02 0.77 0.26 
0.17 0.37 2.17 0.00 
0.20 0.11 0.24 2.21 
2.04 0.00 0.61 0.31 
0.25 2.09 0.35 0.20 
0.30 0.13 2.07 0.00 
0.15 0.08 0.26 2.04 
2.20 0.00 0.77 0.38 
0.38 1.99 0.58 0.59 
0.35 0.22 2.10 0.00 
0.17 0.26 0.01 2.02 
2.10 0.00 0.32 0.44 
0.19 2.16 0.47 0.42 
0.15 0.20 2.11 0.00 
0.21 0.18 0.30 2.19 
2.13 0.00 0.12 0.53 
0.27 2.09 0.19 0.56 
0.06 0.08 2.10 0.00 
0.25 0.24 0.24 2.18 
2.15 0.00 0.25 0.50 
0.30 2.14 0.46 0.42 
0.11 0.20 2.15 0.00 
0.23 0.16 0.34 1.95 
2.14 0.00 0.62 0.09 
0.21 2.09 0.62 0.75 
0.29 0.27 2.08 0.00 
0.04 0.35 0.07 2.00 
2.08 0.00 0.19 0.70 
0.21 2.21 0.27 0.65 
0.09 0.11 2.02 0.00 
0.34 0.26 0.21 2.10 
2.15 0.00 0.62 0.86 
0.21 2.16 0.34 0.23 
0.29 0.13 2.09 0.00 
0.40 0.07 0.26 2.04 
2.20 0.00 0.28 0.54 
0.34 2.10 0.49 0.44 
0.13 0.21 2.21 0.00 
0.25 0.17 0.26 2.12 
2.13 0.00 0.46 0.81 
0.23 2.01 0.27 0.41 
0.22 0.11 2.07 0.00 
0.38 0.16 0.36 2.16 
2.05 0.00 0.54 0.22 
0.16 2.12 0.76 0.31 
0.26 0.34 2.13 0.00 
0.11 0.14 0.23 2.04 
2.01 0.00 0.46 0.38 
0.35 2.06 0.71 0.41 
0.23 0.31 2.07 0.00 
0.19 0.16 0.02 2.03 
2.20 0.00 0.62 0.35 
0.29 2.08 0.50 0.71 
0.28 0.20 2.16 0.00 
0.16 0.32 0.28 2.15 
2.18 0.00 0.52 0.88 
0.16 2.20 0.49 0.23 
0.24 0.20 2.15 0.00 
0.40 0.07 0.28 1.96 
2.03 0.00 0.76 0.54 
0.08 2.12 0.35 0.43 
0.37 0.15 2.18 0.00 
0.26 0.19 0.32 2.18 
2.00 0.00 0.55 0.86 
0.34 2.09 0.85 0.40 
0.28 0.36 2.09 0.00 
0.43 0.12 0.19 2.10 
2.02 0.00 0.79 0.79 
0.37 2.20 0.67 0.53 
0.39 0.24 1.95 0.00 
0.39 0.18 0.14 2.00 
2.13 0.00 0.08 0.32 
0.24 2.00 0.34 0.41 
0.04 0.17 2.03 0.00 
0.15 0.19 0.09 2.11 
2.17 0.00 0.40 0.43 
0.15 2.11 0.52 0.54 
0.18 0.24 2.11 0.00 
0.20 0.24 0.34 1.97 
2.02 0.00 0.44 0.80 
0.17 2.00 0.50 0.79 
0.22 0.23 2.18 0.00 
0.40 0.36 0.34 2.03 
2.04 0.00 0.29 0.29 
0.32 2.05 0.47 0.59 
0.14 0.20 1.99 0.00 
0.14 0.27 0.25 2.07 
2.01 0.00 0.68 0.40 
0.26 2.01 0.99 0.64 
0.34 0.45 1.99 0.00 
0.20 0.30 0.20 1.98 
2.04 0.00 0.36 0.63 
0.17 2.04 0.33 0.81 
0.18 0.15 2.20 0.00 
0.31 0.38 0.11 1.98 
2.14 0.00 0.28 0.15 
0.29 2.00 0.12 0.17 
0.13 0.04 2.21 0.00 
0.07 0.08 0.15 2.02 
2.23 0.00 0.46 0.48 
0.15 2.00 0.29 0.64 
0.21 0.13 2.01 0.00 
0.21 0.31 0.17 2.16 
2.08 0.00 0.73 0.35 
0.08 2.16 0.65 0.54 
0.35 0.29 2.14 0.00 
0.17 0.24 0.10 1.99 
2.19 0.00 0.75 0.41 
0.11 2.03 0.67 0.28 
0.34 0.31 2.13 0.00 
0.19 0.13 0.16 2.21 
2.16 0.00 0.73 0.42 
0.06 2.15 0.45 0.81 
0.34 0.20 2.14 0.00 
0.19 0.37 0.20 1.97 
2.09 0.00 0.73 0.41 
0.28 2.07 0.20 0.36 
0.35 0.05 2.06 0.00 
0.19 0.15 0.22 2.01 
2.19 0.00 0.20 0.60 
0.15 2.02 0.59 0.26 
0.09 0.29 2.05 0.00 
0.27 0.11 0.29 2.14 
2.10 0.00 0.43 0.80 
0.20 2.05 0.59 0.45 
0.20 0.27 2.04 0.00 
0.38 0.18 0.06 2.10 
2.01 0.00 0.60 0.40 
0.11 2.03 0.37 0.31 
0.30 0.17 2.15 0.00 
0.20 0.15 0.12 2.01 
2.02 0.00 0.52 0.20 
0.11 2.07 0.46 0.16 
0.26 0.21 2.11 0.00 
0.10 0.07 0.25 2.15 
2.13 0.00 0.12 0.51 
0.32 2.02 0.47 0.50 
0.05 0.22 2.09 0.00 
0.24 0.21 0.25 2.05 
2.04 0.00 0.73 0.38 
0.35 2.04 0.43 0.59 
0.36 0.15 2.03 0.00 
0.19 0.26 0.19 2.15 
2.10 0.00 0.52 0.38 
0.17 2.07 0.55 0.85 
0.25 0.24 2.03 0.00 
0.18 0.39 0.30 1.96 
2.16 0.00 0.55 0.52 
0.31 2.02 0.34 0.60 
0.25 0.13 2.15 0.00 
0.24 0.26 0.15 1.97 
2.19 0.00 0.15 0.58 
0.26 2.11 0.32 0.67 
0.07 0.14 2.00 0.00 
0.27 0.28 0.24 2.17 
2.19 0.00 0.56 0.32 
0.32 2.03 0.38 0.79 
0.25 0.15 2.13 0.00 
0.15 0.36 0.13 2.15 
2.19 0.00 0.56 0.64 
0.44 2.06 0.20 0.73 
0.26 0.04 2.22 0.00 
0.29 0.29 0.10 1.99 
2.00 0.00 0.17 0.47 
0.19 2.19 0.84 0.47 
0.09 0.38 2.03 0.00 
0.23 0.19 0.20 2.12 
2.04 0.00 0.81 0.36 
0.17 2.09 0.71 0.31 
0.40 0.31 2.12 0.00 
0.18 0.14 0.28 2.10 
2.07 0.00 0.26 0.57 
0.25 2.22 0.41 0.27 
0.13 0.17 2.22 0.00 
0.28 0.09 0.16 2.16 
2.13 0.00 0.50 0.51 
0.25 2.04 0.40 0.51 
0.23 0.17 2.20 0.00 
0.24 0.22 0.27 2.12 
2.23 0.00 0.37 0.61 
0.24 2.06 0.64 0.55 
0.17 0.29 2.15 0.00 
0.27 0.24 0.21 1.98 
2.17 0.00 0.28 0.88 
0.33 2.18 0.28 0.55 
0.13 0.11 2.07 0.00 
0.40 0.19 0.14 2.15 
2.22 0.00 0.35 0.27 
0.36 2.14 0.34 0.54 
0.16 0.13 2.14 0.00 
0.12 0.23 0.22 2.19 
2.02 0.00 0.32 0.41 
0.09 2.21 0.43 0.12 
0.16 0.19 2.06 0.00 
0.20 0.05 0.15 2.20 
2.15 0.00 0.44 0.49 
0.15 2.10 0.94 0.86 
0.20 0.43 1.98 0.00 
0.23 0.39 0.16 2.09 
2.08 0.00 0.47 0.63 
0.38 2.16 0.35 0.54 
0.23 0.12 2.12 0.00 
0.30 0.19 0.34 2.03 
2.18 0.00 0.72 0.49 
0.34 2.05 0.43 0.48 
0.33 0.16 2.05 0.00 
0.22 0.20 0.28 2.11 
2.14 0.00 0.16 0.23 
0.27 2.04 0.72 0.71 
0.07 0.34 2.00 0.00 
0.11 0.34 0.23 2.15 
2.12 0.00 0.52 0.35 
0.22 2.22 0.35 0.80 
0.25 0.13 2.12 0.00 
0.17 0.34 0.32 1.94 
2.02 0.00 0.49 0.56 
0.34 2.00 0.20 0.17 
0.24 0.06 2.07 0.00 
0.27 0.04 0.22 2.06 
2.01 0.00 0.51 0.75 
0.22 2.15 0.47 0.46 
0.26 0.19 2.02 0.00 
0.38 0.18 0.25 1.96 
2.22 0.00 0.38 0.52 
0.44 2.13 0.69 0.54 
0.17 0.29 2.04 0.00 
0.23 0.20 0.21 2.00 
2.11 0.00 0.54 0.79 
0.25 2.02 0.47 0.72 
0.26 0.20 2.21 0.00 
0.37 0.31 0.14 2.15 
2.22 0.00 0.55 0.47 
0.14 2.10 0.79 0.56 
0.25 0.36 2.15 0.00 
0.21 0.25 0.35 2.17 
2.16 0.00 0.56 0.52 
0.15 2.15 0.84 0.83 
0.26 0.37 2.05 0.00 
0.24 0.37 0.23 2.05 
2.06 0.00 0.67 0.89 
0.33 2.12 0.17 0.58 
0.32 0.03 2.19 0.00 
0.43 0.21 0.28 2.09 
2.03 0.00 0.38 0.64 
0.17 2.21 0.75 0.35 
0.19 0.33 2.16 0.00 
0.32 0.14 0.21 2.13 
2.21 0.00 0.17 0.61 
0.28 2.09 0.17 0.69 
0.07 0.07 2.08 0.00 
0.27 0.29 0.17 2.05 
2.12 0.00 0.51 0.37 
0.26 2.18 0.14 0.29 
0.24 0.04 2.06 0.00 
0.17 0.11 0.07 2.02 
2.15 0.00 0.70 0.31 
0.45 2.09 0.50 0.38 
0.33 0.17 1.98 0.00 
0.15 0.15 0.38 2.05 
2.15 0.00 0.69 0.56 
0.24 2.05 0.75 0.52 
0.32 0.33 2.14 0.00 
0.26 0.22 0.16 2.19 
2.15 0.00 0.70 0.35 
0.29 2.11 0.28 0.50 
0.33 0.09 2.17 0.00 
0.16 0.22 0.24 2.15 
2.17 0.00 0.64 0.88 
0.30 2.15 0.28 0.19 
0.29 0.09 1.99 0.00 
0.41 0.03 0.20 1.97 
2.16 0.00 0.13 0.70 
0.15 2.16 0.37 0.33 
0.06 0.17 1.99 0.00 
0.32 0.13 0.21 2.17 
2.02 0.00 0.47 0.39 
0.25 2.12 0.46 0.43 
0.23 0.19 2.21 0.00 
0.19 0.18 0.21 2.11 
2.18 0.00 0.80 0.52 
0.06 2.22 0.62 0.50 
0.37 0.27 2.06 0.00 
0.24 0.22 0.30 2.04 
2.06 0.00 0.85 0.27 
0.17 2.10 0.35 0.33 
0.41 0.13 2.05 0.00 
0.13 0.15 0.07 2.09 
2.06 0.00 0.25 0.05 
0.19 2.16 0.31 0.48 
0.12 0.14 1.99 0.00 
0.03 0.22 0.07 2.05 
2.04 0.00 0.56 0.54 
0.26 2.04 0.37 0.19 
0.27 0.15 1.99 0.00 
0.26 0.06 0.30 2.07 
2.23 0.00 0.38 0.76 
0.36 2.12 0.38 0.31 
0.17 0.15 2.08 0.00 
0.34 0.09 0.26 2.10 
2.22 0.00 0.56 0.25 
0.43 2.06 0.81 0.17 
0.25 0.34 2.00 0.00 
0.12 0.06 0.15 2.12 
2.01 0.00 0.54 0.21 
0.19 2.03 0.83 0.47 
0.27 0.39 1.99 0.00 
0.10 0.22 0.11 2.15 
2.15 0.00 0.58 0.31 
0.25 2.17 0.70 0.33 
0.27 0.29 1.99 0.00 
0.14 0.14 0.12 2.03 
2.16 0.00 0.80 0.54 
0.11 2.13 0.33 0.95 
0.37 0.14 1.97 0.00 
0.25 0.44 0.10 2.05 
2.14 0.00 0.38 0.81 
0.34 2.06 0.77 0.14 
0.18 0.35 2.03 0.00 
0.38 0.01 0.16 2.04 
2.22 0.00 0.18 0.47 
0.19 2.08 0.37 0.33 
0.08 0.17 1.99 0.00 
0.21 0.14 0.23 2.11 
2.01 0.00 0.46 0.42 
0.32 2.21 0.79 0.55 
0.23 0.33 2.02 0.00 
0.21 0.22 0.22 1.99 
2.06 0.00 0.65 0.60 
0.38 2.02 0.77 0.44 
0.32 0.32 1.97 0.00 
0.29 0.16 0.18 2.10 
2.13 0.00 0.47 0.75 
0.28 2.09 0.50 0.20 
0.22 0.21 2.10 0.00 
0.35 0.05 0.26 2.16 
2.22 0.00 0.41 0.26 
0.36 2.11 0.61 0.22 
0.19 0.26 2.17 0.00 
0.12 0.09 0.23 2.14 
2.05 0.00 0.51 0.74 
0.22 2.03 0.34 0.46 
0.25 0.14 1.99 0.00 
0.36 0.19 0.05 2.15 
2.09 0.00 0.64 0.81 
0.21 2.15 0.69 0.53 
0.31 0.29 2.03 0.00 
0.39 0.21 0.02 2.14 
2.05 0.00 0.44 0.43 
0.42 2.08 0.69 0.55 
0.21 0.29 2.19 0.00 
0.21 0.22 0.00 2.20 
2.18 0.00 0.43 0.36 
0.26 2.22 0.62 0.68 
0.19 0.26 2.20 0.00 
0.17 0.28 0.23 2.09 
2.18 0.00 0.77 0.48 
0.48 1.97 0.29 0.42 
0.35 0.06 2.18 0.00 
0.22 0.16 0.26 1.97 
2.19 0.00 0.33 0.36 
0.12 2.16 0.17 0.34 
0.15 0.07 2.07 0.00 
0.16 0.15 0.24 2.20 
2.10 0.00 0.75 0.63 
0.42 2.15 0.44 0.75 
0.36 0.14 2.05 0.00 
0.30 0.29 0.16 2.13 
2.22 0.00 0.27 0.17 
0.15 2.04 0.50 0.33 
0.12 0.24 2.14 0.00 
0.08 0.16 0.09 2.02 
2.00 0.00 0.22 0.81 
0.28 2.09 0.31 0.50 
0.11 0.14 2.05 0.00 
0.41 0.18 0.29 1.98 
2.05 0.00 0.74 0.37 
0.24 2.14 0.74 0.17 
0.36 0.31 2.05 0.00 
0.18 0.06 0.33 2.12 
2.08 0.00 0.55 0.67 
0.22 2.04 0.21 0.40 
0.26 0.07 2.19 0.00 
0.32 0.16 0.19 2.19 
2.03 0.00 0.76 0.12 
0.28 2.21 0.59 0.44 
0.38 0.22 2.10 0.00 
0.06 0.19 0.27 2.07 
2.04 0.00 0.69 0.59 
0.39 1.98 0.85 0.55 
0.34 0.36 2.14 0.00 
0.29 0.22 0.18 2.16 
2.21 0.00 0.66 0.55 
0.15 2.20 0.28 0.17 
0.30 0.10 2.01 0.00 
0.25 0.06 0.21 2.07 
2.09 0.00 0.45 0.23 
0.17 2.07 0.73 0.26 
0.22 0.33 2.16 0.00 
0.11 0.12 0.30 2.05 
2.20 0.00 0.54 0.25 
0.36 2.02 0.72 0.45 
0.25 0.31 2.14 0.00 
0.11 0.20 0.21 2.16 
2.14 0.00 0.60 0.83 
0.31 1.98 0.43 0.37 
0.28 0.17 2.00 0.00 
0.39 0.13 0.20 2.15 
2.13 0.00 0.81 0.38 
0.36 2.05 0.37 0.76 
0.38 0.11 2.16 0.00 
0.18 0.34 0.14 2.05 
2.18 0.00 0.14 0.14 
0.27 2.07 0.44 0.71 
0.07 0.20 2.03 0.00 
0.06 0.33 0.41 2.02 
2.01 0.00 0.41 0.56 
0.11 2.22 0.81 0.60 
0.20 0.36 1.96 0.00 
0.28 0.25 0.30 2.13 
2.20 0.00 0.54 0.65 
0.19 2.07 0.49 0.51 
0.25 0.21 2.18 0.00 
0.30 0.22 0.29 2.11 
2.06 0.00 0.37 0.67 
0.31 2.00 0.62 0.80 
0.18 0.28 2.11 0.00 
0.32 0.35 0.19 2.04 
2.22 0.00 0.67 0.57 
0.29 2.12 0.74 0.25 
0.30 0.31 1.98 0.00 
0.26 0.08 0.36 1.98 
2.15 0.00 0.62 0.77 
0.11 2.07 0.73 0.35 
0.29 0.34 1.99 0.00 
0.36 0.15 0.22 2.18 
2.15 0.00 0.44 0.51 
0.45 2.09 0.78 0.86 
0.20 0.33 2.17 0.00 
0.24 0.36 0.06 2.11 
2.21 0.00 0.69 0.53 
0.25 2.13 0.61 0.75 
0.31 0.25 2.09 0.00 
0.24 0.32 0.01 2.13 
2.12 0.00 0.77 0.61 
0.07 2.03 0.19 0.33 
0.36 0.08 2.03 0.00 
0.28 0.15 0.20 2.11 
2.19 0.00 0.60 0.64 
0.04 2.11 0.44 0.33 
0.27 0.21 2.12 0.00 
0.29 0.15 0.21 2.06 
2.02 0.00 0.33 0.50 
0.31 2.15 0.66 0.19 
0.16 0.28 2.20 0.00 
0.25 0.05 0.18 2.16 
2.12 0.00 0.62 0.44 
0.23 2.08 0.78 0.05 
0.29 0.34 2.08 0.00 
0.21 0.00 0.34 1.96 
2.07 0.00 0.49 0.14 
0.18 2.14 0.73 0.70 
0.23 0.32 2.09 0.00 
0.07 0.32 0.28 2.18 
2.11 0.00 0.28 0.69 
0.21 2.16 0.64 0.93 
0.14 0.29 1.99 0.00 
0.33 0.40 0.16 2.00 
2.04 0.00 0.68 0.53 
0.26 2.06 0.69 0.63 
0.33 0.30 2.02 0.00 
0.26 0.27 0.19 2.07 
2.07 0.00 0.51 0.49 
0.34 2.03 0.44 0.47 
0.25 0.17 2.01 0.00 
0.23 0.19 0.27 2.18 
2.12 0.00 0.93 0.72 
0.23 2.22 0.19 0.22 
0.44 0.04 2.03 0.00 
0.34 0.07 0.04 2.18 
2.12 0.00 0.46 0.81 
0.15 2.12 0.44 0.43 
0.21 0.19 2.04 0.00 
0.38 0.18 0.10 1.96 
2.16 0.00 0.44 0.44 
0.29 2.00 0.08 0.49 
0.21 0.01 2.05 0.00 
0.21 0.22 0.21 2.14 
2.16 0.00 0.64 0.47 
0.15 2.03 0.06 0.86 
0.30 0.01 2.09 0.00 
0.22 0.40 0.26 2.03 
2.06 0.00 0.92 0.39 
0.28 2.20 0.25 0.41 
0.45 0.06 2.01 0.00 
0.19 0.16 0.32 2.01 
2.15 0.00 0.50 0.46 
0.39 2.02 0.71 0.38 
0.23 0.31 2.18 0.00 
0.21 0.15 0.30 2.08 
2.23 0.00 0.10 0.19 
0.14 2.10 0.35 0.64 
0.04 0.17 2.06 0.00 
0.09 0.30 0.12 2.01 
2.00 0.00 0.68 0.63 
0.08 2.21 0.52 0.50 
0.34 0.22 1.99 0.00 
0.32 0.21 0.19 2.10 
2.05 0.00 0.89 0.42 
0.29 2.08 0.19 0.51 
0.43 0.03 1.97 0.00 
0.20 0.22 0.21 2.16 
2.19 0.00 0.33 0.60 
0.20 1.99 0.75 0.29 
0.15 0.36 2.15 0.00 
0.27 0.12 0.35 2.03 
2.20 0.00 0.77 0.28 
0.12 2.20 0.23 0.56 
0.35 0.09 2.06 0.00 
0.13 0.25 0.24 2.05 
2.08 0.00 0.16 0.50 
0.32 2.14 0.30 0.54 
0.08 0.13 2.00 0.00 
0.24 0.22 0.32 2.08 
2.20 0.00 0.68 0.41 
0.22 2.11 0.25 0.55 
0.31 0.09 2.08 0.00 
0.18 0.24 0.34 2.09 
2.09 0.00 0.44 0.56 
0.16 2.17 0.10 0.69 
0.21 0.03 2.19 0.00 
0.27 0.30 0.05 1.96 
2.18 0.00 0.34 0.05 
0.33 2.02 0.81 0.35 
0.15 0.38 2.14 0.00 
0.03 0.17 0.36 2.13 
2.18 0.00 0.56 0.73 
0.33 2.14 0.45 0.59 
0.26 0.17 2.11 0.00 
0.33 0.22 0.38 2.12 
2.00 0.00 0.50 0.30 
0.00 2.10 0.31 0.34 
0.25 0.15 2.06 0.00 
0.15 0.16 0.30 2.17 
2.09 0.00 0.53 0.44 
0.28 2.20 0.33 0.50 
0.25 0.12 2.19 0.00 
0.21 0.20 0.19 2.18 
2.11 0.00 0.67 0.17 
0.14 2.01 0.80 0.31 
0.32 0.37 2.15 0.00 
0.08 0.15 0.43 2.10 
2.21 0.00 0.29 0.31 
0.17 2.12 0.57 0.60 
0.13 0.26 2.04 0.00 
0.14 0.27 0.29 1.98 
2.01 0.00 0.29 0.32 
0.41 1.99 0.73 0.26 
0.15 0.34 2.11 0.00 
0.16 0.10 0.17 2.17 
2.06 0.00 0.44 0.44 
0.40 1.97 0.69 0.71 
0.22 0.30 2.19 0.00 
0.21 0.32 0.20 2.15 
2.01 0.00 0.45 0.28 
0.31 2.16 0.72 0.57 
0.22 0.30 2.07 0.00 
0.14 0.24 0.15 2.19 
2.21 0.00 0.54 0.19 
0.30 2.18 0.19 0.76 
0.24 0.05 2.14 0.00 
0.09 0.34 0.24 2.02 
2.14 0.00 0.13 0.34 
0.22 2.05 0.36 0.36 
0.06 0.17 2.16 0.00 
0.16 0.16 0.14 2.03 
2.05 0.00 0.51 0.41 
0.38 2.14 0.63 0.96 
0.25 0.25 2.19 0.00 
0.20 0.42 0.12 2.06 
2.16 0.00 0.68 0.34 
0.19 2.00 0.51 0.57 
0.31 0.23 2.17 0.00 
0.15 0.27 0.29 2.08 
2.22 0.00 0.51 0.71 
0.38 2.19 0.77 0.46 
0.23 0.31 1.96 0.00 
0.32 0.15 0.01 2.13 
2.21 0.00 0.49 0.24 
0.26 2.13 0.54 0.34 
0.22 0.22 2.18 0.00 
0.11 0.14 0.39 1.98 
2.20 0.00 0.35 0.34 
0.33 2.17 0.29 0.34 
0.16 0.11 2.02 0.00 
0.15 0.13 0.40 1.96 
2.11 0.00 0.30 0.31 
0.30 2.19 0.57 0.32 
0.14 0.24 2.19 0.00 
0.15 0.13 0.19 2.19 
2.22 0.00 0.76 0.63 
0.42 1.97 0.41 0.14 
0.34 0.14 2.06 0.00 
0.29 0.01 0.02 2.00 
2.01 0.00 0.50 0.25 
0.32 2.06 0.23 0.65 
0.25 0.07 1.99 0.00 
0.13 0.30 0.12 2.13 
2.17 0.00 0.34 0.76 
0.30 2.19 0.58 0.34 
0.16 0.25 2.05 0.00 
0.35 0.10 0.30 2.07 
2.12 0.00 0.95 0.39 
0.15 2.05 0.44 0.67 
0.45 0.18 2.13 0.00 
0.18 0.31 0.19 2.12 
2.18 0.00 0.49 0.43 
0.17 2.18 0.52 0.32 
0.23 0.22 2.21 0.00 
0.20 0.13 0.42 2.07 
2.21 0.00 0.50 0.69 
0.15 2.10 0.35 0.61 
0.22 0.15 2.20 0.00 
0.31 0.27 0.15 2.18 
2.23 0.00 0.86 0.50 
0.23 2.04 0.35 0.52 
0.38 0.13 2.16 0.00 
0.22 0.23 0.21 2.00 
2.01 0.00 0.38 0.18 
0.26 2.13 0.28 0.39 
0.19 0.11 2.09 0.00 
0.09 0.17 0.10 2.02 
2.22 0.00 0.32 0.58 
0.45 2.01 0.41 0.59 
0.15 0.17 2.08 0.00 
0.26 0.23 0.34 2.00 
2.14 0.00 0.55 0.54 
0.41 2.05 0.89 0.41 
0.25 0.39 1.97 0.00 
0.25 0.15 0.10 2.08 
2.09 0.00 0.75 0.20 
0.34 2.13 0.47 0.56 
0.36 0.16 2.13 0.00 
0.10 0.25 0.13 2.05 
2.22 0.00 0.73 0.76 
0.26 2.11 0.50 0.50 
0.33 0.20 2.14 0.00 
0.34 0.19 0.35 1.94 
2.13 0.00 0.31 0.75 
0.09 2.21 0.48 0.50 
0.15 0.21 2.17 0.00 
0.35 0.21 0.14 2.19 
2.09 0.00 0.70 0.65 
0.18 2.01 0.46 0.49 
0.33 0.20 2.04 0.00 
0.31 0.21 0.15 2.12 
2.01 0.00 0.49 0.65 
0.22 2.20 0.28 0.62 
0.24 0.11 2.19 0.00 
0.33 0.25 0.23 2.07 
2.23 0.00 0.38 0.55 
0.07 2.18 0.37 0.45 
0.17 0.16 2.22 0.00 
0.25 0.20 0.32 2.10 
2.02 0.00 0.72 0.69 
0.03 2.01 0.35 0.58 
0.36 0.17 2.08 0.00 
0.34 0.28 0.00 2.10 
2.11 0.00 0.34 0.72 
0.24 2.05 0.54 0.24 
0.16 0.24 2.13 0.00 
0.34 0.08 0.22 2.07 
2.13 0.00 0.35 0.44 
0.15 2.10 0.50 0.49 
0.17 0.22 2.16 0.00 
0.21 0.22 0.25 2.14 
2.23 0.00 0.42 0.28 
0.23 2.09 0.59 0.46 
0.19 0.26 2.13 0.00 
0.13 0.20 0.19 2.05 
2.10 0.00 0.54 0.24 
0.40 2.03 0.35 0.47 
0.26 0.12 2.05 0.00 
0.11 0.21 0.25 2.07 
2.11 0.00 0.41 0.61 
0.38 2.01 0.80 0.28 
0.19 0.36 2.11 0.00 
0.29 0.09 0.06 2.12 
2.22 0.00 0.41 0.64 
0.29 1.99 0.57 0.20 
0.19 0.26 2.19 0.00 
0.29 0.06 0.03 2.10 
2.17 0.00 0.20 0.54 
0.19 2.06 0.48 0.46 
0.09 0.22 2.16 0.00 
0.25 0.20 0.32 2.10 
2.12 0.00 0.62 0.87 
0.21 2.02 0.48 0.51 
0.29 0.21 2.04 0.00 
0.41 0.21 0.20 1.95 
2.17 0.00 0.17 0.44 
0.46 2.06 0.55 0.65 
0.08 0.25 2.00 0.00 
0.20 0.27 0.11 2.21 
2.12 0.00 0.16 0.31 
0.22 2.17 0.50 0.57 
0.07 0.22 2.07 0.00 
0.15 0.25 0.15 2.10 
2.21 0.00 0.82 0.31 
0.31 2.20 0.74 0.41 
0.37 0.28 2.00 0.00 
0.14 0.16 0.07 2.21 
2.06 0.00 0.58 0.81 
0.29 2.09 0.56 0.69 
0.28 0.23 2.19 0.00 
0.39 0.27 0.25 2.03 
2.17 0.00 0.42 0.47 
0.29 2.06 0.22 0.57 
0.19 0.08 2.18 0.00 
0.22 0.25 0.13 2.12 
2.08 0.00 0.43 0.56 
0.13 2.16 0.69 0.36 
0.21 0.31 2.18 0.00 
0.27 0.15 0.21 2.07 
2.00 0.00 0.65 0.57 
0.19 2.08 0.31 0.18 
0.33 0.12 1.98 0.00 
0.29 0.06 0.26 2.04 
2.08 0.00 0.45 0.40 
0.28 2.02 0.40 0.71 
0.22 0.17 2.16 0.00 
0.19 0.33 0.28 2.00 
2.13 0.00 0.76 0.68 
0.25 2.17 0.72 0.44 
0.36 0.29 2.13 0.00 
0.32 0.17 0.30 2.07 
2.20 0.00 0.79 0.33 
0.15 2.09 0.44 0.83 
0.36 0.19 2.10 0.00 
0.15 0.39 0.35 2.05 
2.19 0.00 0.82 0.43 
0.35 2.04 0.50 0.61 
0.38 0.18 2.04 0.00 
0.19 0.26 0.34 2.17 
2.02 0.00 0.47 0.38 
0.23 2.19 0.96 0.63 
0.23 0.41 2.11 0.00 
0.19 0.27 0.15 2.07 
2.09 0.00 0.38 0.68 
0.16 2.07 0.57 0.28 
0.18 0.26 2.18 0.00 
0.32 0.11 0.11 2.10 
2.18 0.00 0.41 0.41 
0.27 2.14 0.65 0.54 
0.19 0.28 2.04 0.00 
0.19 0.23 0.16 2.14 
2.00 0.00 0.86 0.32 
0.23 2.06 0.55 0.31 
0.43 0.22 2.15 0.00 
0.16 0.13 0.05 2.22 
2.13 0.00 0.77 0.34 
0.40 1.98 0.44 0.79 
0.36 0.15 2.07 0.00 
0.16 0.36 0.23 2.14 
2.13 0.00 0.33 0.32 
0.30 2.10 0.50 0.57 
0.16 0.22 2.19 0.00 
0.15 0.25 0.03 2.02 
2.04 0.00 0.57 0.72 
0.22 2.18 0.83 0.35 
0.28 0.35 2.07 0.00 
0.35 0.12 0.06 2.08 
2.15 0.00 0.52 0.43 
0.22 2.16 0.40 0.57 
0.24 0.16 1.99 0.00 
0.20 0.24 0.22 2.02 
2.22 0.00 0.36 0.61 
0.14 2.01 0.85 0.40 
0.16 0.41 2.12 0.00 
0.27 0.18 0.20 2.08 
2.14 0.00 0.44 0.21 
0.15 2.16 0.56 0.44 
0.20 0.24 2.07 0.00 
0.10 0.19 0.05 2.14 
2.13 0.00 0.58 0.82 
0.31 2.05 0.76 0.44 
0.27 0.33 2.05 0.00 
0.39 0.16 0.00 2.04 
2.20 0.00 0.52 0.57 
0.28 1.98 0.53 0.32 
0.24 0.23 2.03 0.00 
0.26 0.12 0.11 2.04 
2.05 0.00 0.51 0.51 
0.34 2.14 0.92 0.51 
0.25 0.39 1.97 0.00 
0.25 0.20 0.17 2.01 
2.12 0.00 0.65 0.36 
0.38 2.14 0.57 0.68 
0.31 0.21 2.03 0.00 
0.17 0.29 0.29 2.12 
2.09 0.00 0.92 0.07 
0.21 2.19 0.58 0.40 
0.44 0.23 2.18 0.00 
0.03 0.18 0.15 2.12 
2.23 0.00 0.34 0.69 
0.18 2.15 0.75 0.49 
0.15 0.33 1.97 0.00 
0.31 0.20 0.39 2.04 
2.07 0.00 0.65 0.55 
0.04 2.14 0.56 0.28 
0.31 0.26 2.04 0.00 
0.27 0.13 0.36 2.10 
2.22 0.00 0.67 0.51 
0.24 2.05 0.15 0.56 
0.30 0.04 2.10 0.00 
0.23 0.25 0.24 2.17 
2.05 0.00 0.76 0.24 
0.33 2.12 0.35 0.59 
0.37 0.11 2.02 0.00 
0.12 0.26 0.13 2.21 
2.05 0.00 0.88 0.25 
0.22 2.18 0.55 0.07 
0.43 0.21 1.97 0.00 
0.12 0.02 0.43 2.12 
2.09 0.00 0.55 0.13 
0.30 2.15 0.31 0.47 
0.26 0.11 2.08 0.00 
0.06 0.21 0.28 1.99 
2.12 0.00 0.91 0.49 
0.30 2.05 0.38 0.88 
0.43 0.13 2.07 0.00 
0.23 0.40 0.00 1.98 
2.13 0.00 0.29 0.56 
0.28 2.15 0.51 0.50 
0.14 0.22 2.15 0.00 
0.27 0.20 0.15 2.16 
2.12 0.00 0.57 0.46 
0.29 2.17 0.85 0.67 
0.27 0.35 2.06 0.00 
0.22 0.28 0.19 2.11 
2.14 0.00 0.92 0.53 
0.27 2.04 0.73 0.57 
0.43 0.30 1.97 0.00 
0.25 0.25 0.26 2.09 
2.04 0.00 0.28 0.38 
0.24 2.11 0.25 0.49 
0.14 0.10 2.12 0.00 
0.19 0.21 0.09 2.20 
2.15 0.00 0.75 0.77 
0.36 2.09 0.16 0.30 
0.35 0.02 2.05 0.00 
0.36 0.08 0.42 1.94 
2.10 0.00 0.38 0.06 
0.20 2.14 0.62 0.32 
0.18 0.27 2.05 0.00 
0.03 0.15 0.08 2.20 
2.13 0.00 0.69 0.61 
0.25 2.20 0.60 0.49 
0.33 0.23 1.98 0.00 
0.29 0.19 0.33 2.04 
2.02 0.00 0.44 0.56 
0.22 2.17 0.76 0.56 
0.22 0.33 2.12 0.00 
0.28 0.23 0.16 2.19 
2.10 0.00 0.63 0.66 
0.20 2.01 0.37 0.75 
0.30 0.15 2.08 0.00 
0.31 0.34 0.16 2.05 
2.12 0.00 0.60 0.28 
0.28 2.07 0.82 0.68 
0.28 0.36 2.07 0.00 
0.13 0.31 0.17 2.08 
2.00 0.00 0.47 0.29 
0.24 2.15 0.35 0.43 
0.23 0.14 2.20 0.00 
0.15 0.18 0.12 2.18 
2.03 0.00 0.08 0.81 
0.26 2.16 0.31 0.49 
0.04 0.14 2.19 0.00 
0.40 0.18 0.31 2.14 
2.15 0.00 0.52 0.43 
0.26 2.00 0.56 0.36 
0.24 0.25 2.10 0.00 
0.20 0.15 0.17 2.13 
2.05 0.00 0.09 0.50 
0.09 2.22 0.49 0.92 
0.04 0.22 2.06 0.00 
0.24 0.40 0.12 2.10 
2.22 0.00 0.47 0.51 
0.42 1.97 0.53 0.69 
0.21 0.22 1.98 0.00 
0.23 0.30 0.28 2.16 
2.18 0.00 0.44 0.45 
0.23 2.21 0.27 0.66 
0.20 0.10 2.05 0.00 
0.21 0.28 0.35 2.17 
2.04 0.00 0.50 0.73 
0.27 2.08 0.47 0.05 
0.24 0.19 2.03 0.00 
0.36 0.02 0.34 2.16 
2.12 0.00 0.32 0.68 
0.43 2.16 0.32 0.57 
0.15 0.12 2.11 0.00 
0.32 0.20 0.33 2.04 
2.18 0.00 0.50 0.43 
0.20 2.18 0.68 0.08 
0.23 0.29 1.99 0.00 
0.20 0.02 0.24 2.20 
2.00 0.00 0.26 0.28 
0.11 2.00 0.79 0.71 
0.13 0.38 1.97 0.00 
0.14 0.35 0.01 2.20 
2.10 0.00 0.82 0.79 
0.36 2.14 0.00 0.50 
0.39 0.07 2.16 0.00 
0.37 0.17 0.34 2.09 
2.02 0.00 0.54 0.49 
0.09 2.11 0.53 0.83 
0.27 0.24 2.03 0.00 
0.24 0.39 0.14 2.10 
2.14 0.00 0.34 0.74 
0.12 2.11 0.42 0.10 
0.16 0.19 2.02 0.00 
0.35 0.03 0.27 2.19 
2.03 0.00 0.46 0.78 
0.30 2.11 0.49 0.08 
0.23 0.20 2.13 0.00 
0.38 0.02 0.35 2.08 
2.11 0.00 0.69 0.58 
0.32 1.99 0.44 0.68 
0.33 0.17 2.04 0.00 
0.28 0.29 0.01 2.01 
2.08 0.00 0.43 0.39 
0.20 2.20 0.79 0.66 
0.21 0.34 2.06 0.00 
0.19 0.28 0.31 2.00