 1.00000000e+00 0.00000000e+00 0.00000000e+00 0.00000000e+00 0.00000000e+00 0.00000000e+00 0.00000000e+00 0.00000000e+00 0.00000000e+00 0.00000000e+00 0.00000000e+00 0.00000000e+00 0.00000000e+00 0.00000000e+00 0.00000000e+00 0.00000000e+00 0.00000000e+00 0.00000000e+00 0.00000000e+00 0.00000000e+00 0.00000000e+00 0.00000000e+00 0.00000000e+00 0.00000000e+00 0.00000000e+00 0.00000000e+00 0.00000000e+00 0.00000000e+00 0.00000000e+00 0.00000000e+00 0.00000000e+00 0.00000000e+00
 5.00000000e-01 8.66025404e-01 0.00000000e+00 0.00000000e+00 0.00000000e+00 0.00000000e+00 0.00000000e+00 0.00000000e+00 0.00000000e+00 0.00000000e+00 0.00000000e+00 0.00000000e+00 0.00000000e+00 0.00000000e+00 0.00000000e+00 0.00000000e+00 0.00000000e+00 0.00000000e+00 0.00000000e+00 0.00000000e+00 0.00000000e+00 0.00000000e+00 0.00000000e+00 0.00000000e+00 0.00000000e+00 0.00000000e+00 0.00000000e+00 0.00000000e+00 0.00000000e+00 0.00000000e+00 0.00000000e+00 0.00000000e+00
 3.33333333e-01 5.77350269e-01 7.45355992e-01 0.00000000e+00 0.00000000e+00 0.00000000e+00 0.00000000e+00 0.00000000e+00 0.00000000e+00 0.00000000e+00 0.00000000e+00 0.00000000e+00 0.00000000e+00 0.00000000e+00 0.00000000e+00 0.00000000e+00 0.00000000e+00 0.00000000e+00 0.00000000e+00 0.00000000e+00 0.00000000e+00 0.00000000e+00 0.00000000e+00 0.00000000e+00 0.00000000e+00 0.00000000e+00 0.00000000e+00 0.00000000e+00 0.00000000e+00 0.00000000e+00 0.00000000e+00 0.00000000e+00
 2.50000000e-01 4.33012702e-01 5.59016994e-01 6.61437828e-01 0.00000000e+00 0.00000000e+00 0.00000000e+00 0.00000000e+00 0.00000000e+00 0.00000000e+00 0.00000000e+00 0.00000000e+00 0.00000000e+00 0.00000000e+00 0.00000000e+00 0.00000000e+00 0.00000000e+00 0.00000000e+00 0.00000000e+00 0.00000000e+00 0.00000000e+00 0.00000000e+00 0.00000000e+00 0.00000000e+00 0.00000000e+00 0.00000000e+00 0.00000000e+00 0.00000000e+00 0.00000000e+00 0.00000000e+00 0.00000000e+00 0.00000000e+00
 2.00000000e-01 3.46410162e-01 4.47213595e-01 5.29150262e-01 6.00000000e-01 0.00000000e+00 0.00000000e+00 0.00000000e+00 0.00000000e+00 0.00000000e+00 0.00000000e+00 0.00000000e+00 0.00000000e+00 0.00000000e+00 0.00000000e+00 0.00000000e+00 0.00000000e+00 0.00000000e+00 0.00000000e+00 0.00000000e+00 0.00000000e+00 0.00000000e+00 0.00000000e+00 0.00000000e+00 0.00000000e+00 0.00000000e+00 0.00000000e+00 0.00000000e+00 0.00000000e+00 0.00000000e+00 0.00000000e+00 0.00000000e+00
 1.66666667e-01 2.88675135e-01 3.72677996e-01 4.40958552e-01 5.00000000e-01 5.52770798e-01 0.00000000e+00 0.00000000e+00 0.00000000e+00 0.00000000e+00 0.00000000e+00 0.00000000e+00 0.00000000e+00 0.00000000e+00 0.00000000e+00 0.00000000e+00 0.00000000e+00 0.00000000e+00 0.00000000e+00 0.00000000e+00 0.00000000e+00 0.00000000e+00 0.00000000e+00 0.00000000e+00 0.00000000e+00 0.00000000e+00 0.00000000e+00 0.00000000e+00 0.00000000e+00 0.00000000e+00 0.00000000e+00 0.00000000e+00
 1.42857143e-01 2.47435830e-01 3.19438282e-01 3.77964473e-01 4.28571429e-01 4.73803541e-01 5.15078754e-01 0.00000000e+00 0.00000000e+00 0.00000000e+00 0.00000000e+00 0.00000000e+00 0.00000000e+00 0.00000000e+00 0.00000000e+00 0.00000000e+00 0.00000000e+00 0.00000000e+00 0.00000000e+00 0.00000000e+00 0.00000000e+00 0.00000000e+00 0.00000000e+00 0.00000000e+00 0.00000000e+00 0.00000000e+00 0.00000000e+00 0.00000000e+00 0.00000000e+00 0.00000000e+00 0.00000000e+00 0.00000000e+00
 1.25000000e-01 2.16506351e-01 2.79508497e-01 3.30718914e-01 3.75000000e-01 4.14578099e-01 4.50693909e-01 4.84122918e-01 0.00000000e+00 0.00000000e+00 0.00000000e+00 0.00000000e+00 0.00000000e+00 0.00000000e+00 0.00000000e+00 0.00000000e+00 0.00000000e+00 0.00000000e+00 0.00000000e+00 0.00000000e+00 0.00000000e+00 0.00000000e+00 0.00000000e+00 0.00000000e+00 0.00000000e+00 0.00000000e+00 0.00000000e+00 0.00000000e+00 0.00000000e+00 0.00000000e+00 0.00000000e+00 0.00000000e+00
 1.11111111e-01 1.92450090e-01 2.48451997e-01 2.93972368e-01 3.33333333e-01 3.68513866e-01 4.00616808e-01 4.30331483e-01 4.58122847e-01 0.00000000e+00 0.00000000e+00 0.00000000e+00 0.00000000e+00 0.00000000e+00 0.00000000e+00 0.00000000e+00 0.00000000e+00 0.00000000e+00 0.00000000e+00 0.00000000e+00 0.00000000e+00 0.00000000e+00 0.00000000e+00 0.00000000e+00 0.00000000e+00 0.00000000e+00 0.00000000e+00 0.00000000e+00 0.00000000e+00 0.00000000e+00 0.00000000e+00 0.00000000e+00
 1.00000000e-01 1.73205081e-01 2.23606798e-01 2.64575131e-01 3.00000000e-01 3.31662479e-01 3.60555128e-01 3.87298335e-01 4.12310563e-01 4.35889894e-01 0.00000000e+00 0.00000000e+00 0.00000000e+00 0.00000000e+00 0.00000000e+00 0.00000000e+00 0.00000000e+00 0.00000000e+00 0.00000000e+00 0.00000000e+00 0.00000000e+00 0.00000000e+00 0.00000000e+00 0.00000000e+00 0.00000000e+00 0.00000000e+00 0.00000000e+00 0.00000000e+00 0.00000000e+00 0.00000000e+00 0.00000000e+00 0.00000000e+00
 9.09090909e-02 1.57459164e-01 2.03278907e-01 2.40522846e-01 2.72727273e-01 3.01511345e-01 3.27777389e-01 3.52089395e-01 3.74827784e-01 3.96263540e-01 4.16597790e-01 0.00000000e+00 0.00000000e+00 0.00000000e+00 0.00000000e+00 0.00000000e+00 0.00000000e+00 0.00000000e+00 0.00000000e+00 0.00000000e+00 0.00000000e+00 0.00000000e+00 0.00000000e+00 0.00000000e+00 0.00000000e+00 0.00000000e+00 0.00000000e+00 0.00000000e+00 0.00000000e+00 0.00000000e+00 0.00000000e+00 0.00000000e+00
 8.33333333e-02 1.44337567e-01 1.86338998e-01 2.20479276e-01 2.50000000e-01 2.76385399e-01 3.00462606e-01 3.22748612e-01 3.43592135e-01 3.63241579e-01 3.81881308e-01 3.99652627e-01 0.00000000e+00 0.00000000e+00 0.00000000e+00 0.00000000e+00 0.00000000e+00 0.00000000e+00 0.00000000e+00 0.00000000e+00 0.00000000e+00 0.00000000e+00 0.00000000e+00 0.00000000e+00 0.00000000e+00 0.00000000e+00 0.00000000e+00 0.00000000e+00 0.00000000e+00 0.00000000e+00 0.00000000e+00 0.00000000e+00
 7.69230769e-02 1.33234678e-01 1.72005229e-01 2.03519332e-01 2.30769231e-01 2.55124984e-01 2.77350098e-01 2.97921796e-01 3.17161971e-01 3.35299919e-01 3.52505823e-01 3.68910117e-01 3.84615385e-01 0.00000000e+00 0.00000000e+00 0.00000000e+00 0.00000000e+00 0.00000000e+00 0.00000000e+00 0.00000000e+00 0.00000000e+00 0.00000000e+00 0.00000000e+00 0.00000000e+00 0.00000000e+00 0.00000000e+00 0.00000000e+00 0.00000000e+00 0.00000000e+00 0.00000000e+00 0.00000000e+00 0.00000000e+00
 7.14285714e-02 1.23717915e-01 1.59719141e-01 1.88982237e-01 2.14285714e-01 2.36901771e-01 2.57539377e-01 2.76641668e-01 2.94507545e-01 3.11349925e-01 3.27326835e-01 3.42559395e-01 3.57142857e-01 3.71153744e-01 0.00000000e+00 0.00000000e+00 0.00000000e+00 0.00000000e+00 0.00000000e+00 0.00000000e+00 0.00000000e+00 0.00000000e+00 0.00000000e+00 0.00000000e+00 0.00000000e+00 0.00000000e+00 0.00000000e+00 0.00000000e+00 0.00000000e+00 0.00000000e+00 0.00000000e+00 0.00000000e+00
 6.66666667e-02 1.15470054e-01 1.49071198e-01 1.76383421e-01 2.00000000e-01 2.21108319e-01 2.40370085e-01 2.58198890e-01 2.74873708e-01 2.90593263e-01 3.05505046e-01 3.19722102e-01 3.33333333e-01 3.46410162e-01 3.59010987e-01 0.00000000e+00 0.00000000e+00 0.00000000e+00 0.00000000e+00 0.00000000e+00 0.00000000e+00 0.00000000e+00 0.00000000e+00 0.00000000e+00 0.00000000e+00 0.00000000e+00 0.00000000e+00 0.00000000e+00 0.00000000e+00 0.00000000e+00 0.00000000e+00 0.00000000e+00
 6.25000000e-02 1.08253175e-01 1.39754249e-01 1.65359457e-01 1.87500000e-01 2.07289049e-01 2.25346955e-01 2.42061459e-01 2.57694102e-01 2.72431184e-01 2.86410981e-01 2.99739470e-01 3.12500000e-01 3.24759526e-01 3.36572800e-01 3.47985273e-01 0.00000000e+00 0.00000000e+00 0.00000000e+00 0.00000000e+00 0.00000000e+00 0.00000000e+00 0.00000000e+00 0.00000000e+00 0.00000000e+00 0.00000000e+00 0.00000000e+00 0.00000000e+00 0.00000000e+00 0.00000000e+00 0.00000000e+00 0.00000000e+00
 5.88235294e-02 1.01885342e-01 1.31533410e-01 1.55632430e-01 1.76470588e-01 1.95095576e-01 2.12091251e-01 2.27822550e-01 2.42535625e-01 2.56405820e-01 2.69563276e-01 2.82107737e-01 2.94117647e-01 3.05656025e-01 3.16774400e-01 3.27515551e-01 3.37915450e-01 0.00000000e+00 0.00000000e+00 0.00000000e+00 0.00000000e+00 0.00000000e+00 0.00000000e+00 0.00000000e+00 0.00000000e+00 0.00000000e+00 0.00000000e+00 0.00000000e+00 0.00000000e+00 0.00000000e+00 0.00000000e+00 0.00000000e+00
 5.55555556e-02 9.62250449e-02 1.24225999e-01 1.46986184e-01 1.66666667e-01 1.84256933e-01 2.00308404e-01 2.15165741e-01 2.29061424e-01 2.42161052e-01 2.54587539e-01 2.66435085e-01 2.77777778e-01 2.88675135e-01 2.99175823e-01 3.09320242e-01 3.19142369e-01 3.28671099e-01 0.00000000e+00 0.00000000e+00 0.00000000e+00 0.00000000e+00 0.00000000e+00 0.00000000e+00 0.00000000e+00 0.00000000e+00 0.00000000e+00 0.00000000e+00 0.00000000e+00 0.00000000e+00 0.00000000e+00 0.00000000e+00
 5.26315789e-02 9.11605688e-02 1.17687788e-01 1.39250069e-01 1.57894737e-01 1.74559199e-01 1.89765857e-01 2.03841229e-01 2.17005559e-01 2.29415734e-01 2.41188194e-01 2.52412185e-01 2.63157895e-01 2.73481706e-01 2.83429727e-01 2.93040230e-01 3.02345402e-01 3.11372620e-01 3.20145396e-01 0.00000000e+00 0.00000000e+00 0.00000000e+00 0.00000000e+00 0.00000000e+00 0.00000000e+00 0.00000000e+00 0.00000000e+00 0.00000000e+00 0.00000000e+00 0.00000000e+00 0.00000000e+00 0.00000000e+00
 5.00000000e-02 8.66025404e-02 1.11803399e-01 1.32287566e-01 1.50000000e-01 1.65831240e-01 1.80277564e-01 1.93649167e-01 2.06155281e-01 2.17944947e-01 2.29128785e-01 2.39791576e-01 2.50000000e-01 2.59807621e-01 2.69258240e-01 2.78388218e-01 2.87228132e-01 2.95803989e-01 3.04138127e-01 3.12249900e-01 0.00000000e+00 0.00000000e+00 0.00000000e+00 0.00000000e+00 0.00000000e+00 0.00000000e+00 0.00000000e+00 0.00000000e+00 0.00000000e+00 0.00000000e+00 0.00000000e+00 0.00000000e+00
 4.76190476e-02 8.24786099e-02 1.06479427e-01 1.25988158e-01 1.42857143e-01 1.57934514e-01 1.71692918e-01 1.84427778e-01 1.96338363e-01 2.07566616e-01 2.18217890e-01 2.28372930e-01 2.38095238e-01 2.47435830e-01 2.56436419e-01 2.65131636e-01 2.73550602e-01 2.81718085e-01 2.89655359e-01 2.97380857e-01 3.04910678e-01 0.00000000e+00 0.00000000e+00 0.00000000e+00 0.00000000e+00 0.00000000e+00 0.00000000e+00 0.00000000e+00 0.00000000e+00 0.00000000e+00 0.00000000e+00 0.00000000e+00
 4.54545455e-02 7.87295822e-02 1.01639454e-01 1.20261423e-01 1.36363636e-01 1.50755672e-01 1.63888694e-01 1.76044698e-01 1.87413892e-01 1.98131770e-01 2.08298895e-01 2.17992342e-01 2.27272727e-01 2.36188746e-01 2.44780219e-01 2.53080198e-01 2.61116484e-01 2.68912717e-01 2.76489206e-01 2.83863545e-01 2.91051102e-01 2.98065387e-01 0.00000000e+00 0.00000000e+00 0.00000000e+00 0.00000000e+00 0.00000000e+00 0.00000000e+00 0.00000000e+00 0.00000000e+00 0.00000000e+00 0.00000000e+00
 4.34782609e-02 7.53065569e-02 9.72203468e-02 1.15032666e-01 1.30434783e-01 1.44201078e-01 1.56763099e-01 1.68390580e-01 1.79265462e-01 1.89517345e-01 1.99242422e-01 2.08514414e-01 2.17391304e-01 2.25919671e-01 2.34137600e-01 2.42076711e-01 2.49763593e-01 2.57220860e-01 2.64467936e-01 2.71521652e-01 2.78396706e-01 2.85106023e-01 2.91661041e-01 0.00000000e+00 0.00000000e+00 0.00000000e+00 0.00000000e+00 0.00000000e+00 0.00000000e+00 0.00000000e+00 0.00000000e+00 0.00000000e+00
 4.16666667e-02 7.21687836e-02 9.31694991e-02 1.10239638e-01 1.25000000e-01 1.38192700e-01 1.50231303e-01 1.61374306e-01 1.71796068e-01 1.81620789e-01 1.90940654e-01 1.99826313e-01 2.08333333e-01 2.16506351e-01 2.24381867e-01 2.31990182e-01 2.39356777e-01 2.46503324e-01 2.53448439e-01 2.60208250e-01 2.66796843e-01 2.73226605e-01 2.79508497e-01 2.85652275e-01 0.00000000e+00 0.00000000e+00 0.00000000e+00 0.00000000e+00 0.00000000e+00 0.00000000e+00 0.00000000e+00 0.00000000e+00
 4.00000000e-02 6.92820323e-02 8.94427191e-02 1.05830052e-01 1.20000000e-01 1.32664992e-01 1.44222051e-01 1.54919334e-01 1.64924225e-01 1.74355958e-01 1.83303028e-01 1.91833261e-01 2.00000000e-01 2.07846097e-01 2.15406592e-01 2.22710575e-01 2.29782506e-01 2.36643191e-01 2.43310501e-01 2.49799920e-01 2.56124969e-01 2.62297541e-01 2.68328157e-01 2.74226184e-01 2.80000000e-01 0.00000000e+00 0.00000000e+00 0.00000000e+00 0.00000000e+00 0.00000000e+00 0.00000000e+00 0.00000000e+00
 3.84615385e-02 6.66173388e-02 8.60026145e-02 1.01759666e-01 1.15384615e-01 1.27562492e-01 1.38675049e-01 1.48960898e-01 1.58580986e-01 1.67649959e-01 1.76252911e-01 1.84455059e-01 1.92307692e-01 1.99852016e-01 2.07121723e-01 2.14144783e-01 2.20944717e-01 2.27541530e-01 2.33952405e-01 2.40192231e-01 2.46274009e-01 2.52209174e-01 2.58007844e-01 2.63679023e-01 2.69230769e-01 2.74670324e-01 0.00000000e+00 0.00000000e+00 0.00000000e+00 0.00000000e+00 0.00000000e+00 0.00000000e+00
 3.70370370e-02 6.41500299e-02 8.28173325e-02 9.79907893e-02 1.11111111e-01 1.22837955e-01 1.33538936e-01 1.43443828e-01 1.52707616e-01 1.61440702e-01 1.69725026e-01 1.77623390e-01 1.85185185e-01 1.92450090e-01 1.99450548e-01 2.06213495e-01 2.12761580e-01 2.19114066e-01 2.25287501e-01 2.31296222e-01 2.37152750e-01 2.42868093e-01 2.48451997e-01 2.53913133e-01 2.59259259e-01 2.64497349e-01 2.69633700e-01 0.00000000e+00 0.00000000e+00 0.00000000e+00 0.00000000e+00 0.00000000e+00
 3.57142857e-02 6.18589574e-02 7.98595706e-02 9.44911183e-02 1.07142857e-01 1.18450885e-01 1.28769688e-01 1.38320834e-01 1.47253772e-01 1.55674962e-01 1.63663418e-01 1.71279697e-01 1.78571429e-01 1.85576872e-01 1.92327315e-01 1.98848727e-01 2.05162952e-01 2.11288564e-01 2.17241519e-01 2.23035643e-01 2.28683008e-01 2.34194233e-01 2.39578712e-01 2.44844807e-01 2.50000000e-01 2.55051015e-01 2.60003925e-01 2.64864232e-01 0.00000000e+00 0.00000000e+00 0.00000000e+00 0.00000000e+00
 3.44827586e-02 5.97258899e-02 7.71057923e-02 9.12328038e-02 1.03448276e-01 1.14366372e-01 1.24329354e-01 1.33551150e-01 1.42176056e-01 1.50306860e-01 1.58019852e-01 1.65373501e-01 1.72413793e-01 1.79177670e-01 1.85695338e-01 1.91991875e-01 1.98088367e-01 2.04002751e-01 2.09750432e-01 2.15344759e-01 2.20797387e-01 2.26118570e-01 2.31317377e-01 2.36401883e-01 2.41379310e-01 2.46256153e-01 2.51038272e-01 2.55730982e-01 2.60339118e-01 0.00000000e+00 0.00000000e+00 0.00000000e+00
 3.33333333e-02 5.77350269e-02 7.45355992e-02 8.81917104e-02 1.00000000e-01 1.10554160e-01 1.20185043e-01 1.29099445e-01 1.37436854e-01 1.45296631e-01 1.52752523e-01 1.59861051e-01 1.66666667e-01 1.73205081e-01 1.79505494e-01 1.85592145e-01 1.91485422e-01 1.97202659e-01 2.02758751e-01 2.08166600e-01 2.13437475e-01 2.18581284e-01 2.23606798e-01 2.28521820e-01 2.33333333e-01 2.38047614e-01 2.42670330e-01 2.47206616e-01 2.51661148e-01 2.56038192e-01 0.00000000e+00 0.00000000e+00
 3.22580645e-02 5.58726067e-02 7.21312251e-02 8.53468165e-02 9.67741935e-02 1.06987896e-01 1.16308106e-01 1.24934947e-01 1.33003407e-01 1.40609643e-01 1.47825022e-01 1.54704243e-01 1.61290323e-01 1.67617820e-01 1.73714994e-01 1.79605302e-01 1.85308472e-01 1.90841283e-01 1.96218146e-01 2.01451548e-01 2.06552395e-01 2.11530275e-01 2.16393675e-01 2.21150148e-01 2.25806452e-01 2.30368659e-01 2.34842254e-01 2.39232209e-01 2.43543046e-01 2.47778895e-01 2.51943538e-01 0.00000000e+00
 3.12500000e-02 5.41265877e-02 6.98771243e-02 8.26797285e-02 9.37500000e-02 1.03644525e-01 1.12673477e-01 1.21030730e-01 1.28847051e-01 1.36215592e-01 1.43205490e-01 1.49869735e-01 1.56250000e-01 1.62379763e-01 1.68286400e-01 1.73992636e-01 1.79517583e-01 1.84877493e-01 1.90086329e-01 1.95156187e-01 2.00097632e-01 2.04919954e-01 2.09631373e-01 2.14239206e-01 2.18750000e-01 2.23169638e-01 2.27503434e-01 2.31756203e-01 2.35932326e-01 2.40035805e-01 2.44070302e-01 2.48039185e-01
